0 1 2 5 7 8 10 12 14 15 17 19 21 22 24 27 29 30 32 34 36 37 39 41 43 44 47 49 51 52 54 56 58 59 61 63 65 66 69 71 73 74 76 78 80 81 83 85 87 88 90 92 94 95 97 99 102 104 106 107 109 109 109 109
1 2 3 6 8 9 11 13 15 16 18 20 22 23 25 28 30 31 33 35 37 38 40 42 44 45 48 50 52 53 55 57 59 60 62 64 66 67 70 72 74 75 77 79 81 82 84 86 88 89 91 93 95 96 98 100 103 104 107 108 110 110 110 110
2 3 4 8 9 10 12 14 16 17 19 22 24 25 27 29 31 32 34 36 38 39 42 44 46 47 49 51 53 54 56 58 60 61 64 66 68 69 71 73 75 76 78 80 82 83 85 87 89 90 93 95 97 98 100 102 104 106 108 109 111 111 111 111
5 6 7 10 12 12 14 16 18 19 21 24 26 27 29 32 34 35 36 38 40 41 44 46 48 49 52 54 56 57 58 60 62 63 66 68 70 71 74 76 78 79 81 83 85 86 88 89 91 92 95 97 99 100 102 104 107 108 111 111 113 113 113 113
7 8 9 12 14 15 17 19 21 22 24 27 29 30 32 34 36 37 39 41 43 44 47 49 51 52 54 56 58 59 61 63 65 66 69 71 73 74 76 78 80 81 83 85 87 88 90 92 94 95 98 100 102 103 105 107 109 110 113 114 116 116 116 116
8 9 10 13 15 17 19 21 23 24 26 28 30 31 33 35 37 38 41 43 45 46 48 50 52 53 55 57 59 60 63 65 67 68 70 72 74 75 77 79 81 82 84 86 88 89 91 94 96 97 99 101 103 104 106 108 110 111 114 116 118 118 118 118
10 11 12 15 17 19 21 23 25 26 28 30 32 33 35 37 39 40 43 45 47 48 50 52 54 55 57 59 61 62 65 67 69 70 72 74 76 77 79 81 83 84 86 88 90 91 93 96 98 99 101 103 105 106 108 110 112 113 116 118 120 120 120 120
12 13 14 16 19 21 23 25 27 28 30 32 34 35 37 39 41 42 45 47 49 50 52 54 56 57 59 61 63 64 67 69 71 72 74 76 78 79 81 83 85 86 88 90 92 93 95 98 100 101 103 105 107 108 110 112 114 116 118 120 122 122 122 122
14 15 16 18 21 23 25 27 29 30 32 34 36 37 39 41 43 44 47 49 51 52 54 56 58 59 61 63 65 66 69 71 73 74 76 78 80 81 83 85 87 88 90 92 94 95 97 100 102 103 105 107 109 110 112 114 116 118 120 122 124 124 124 124
15 16 17 19 22 24 26 28 30 31 33 35 37 38 40 42 44 45 48 50 52 53 55 57 59 60 62 64 66 67 70 72 74 75 77 79 81 82 84 86 88 89 91 93 95 96 98 101 103 104 106 108 110 111 113 115 117 119 121 123 125 125 125 125
17 18 19 21 24 26 28 30 32 33 35 37 39 40 42 44 46 47 50 52 54 55 57 59 61 62 64 66 68 69 72 74 76 77 79 81 83 84 86 88 90 91 93 95 97 98 100 103 105 106 108 110 112 113 115 117 119 122 123 125 127 127 127 127
19 20 22 23 27 28 30 32 34 35 37 39 41 42 45 47 49 50 52 54 56 57 59 61 63 64 67 69 71 72 74 76 78 79 81 83 85 86 88 90 92 93 95 98 100 101 103 105 107 108 110 112 114 115 117 119 122 124 126 127 129 129 129 129
21 22 24 26 29 30 32 34 36 37 39 41 43 44 47 49 51 52 54 56 58 59 61 63 65 66 69 71 73 74 76 78 80 81 83 85 87 88 90 92 94 95 97 100 102 103 105 107 109 110 112 114 116 117 119 121 124 126 128 129 131 131 131 131
22 23 25 28 30 31 33 35 37 38 40 42 44 45 48 50 52 53 55 57 59 60 62 64 66 67 70 72 74 75 77 79 81 82 84 86 88 89 91 93 95 96 98 101 103 104 106 108 110 111 113 115 117 118 120 122 125 127 129 130 132 132 132 132
24 25 27 30 32 33 35 37 39 40 42 45 47 48 50 52 54 55 57 59 61 62 65 67 69 70 72 74 76 77 79 81 83 84 86 88 90 91 93 95 97 98 101 103 105 106 108 110 112 113 116 118 120 121 123 125 127 129 131 132 134 134 134 134
27 28 29 32 34 35 37 39 41 42 44 47 49 50 52 54 56 57 59 61 63 64 67 69 71 72 74 76 78 79 81 83 85 86 88 90 92 93 95 98 100 101 103 105 107 108 110 112 114 115 118 120 122 123 125 127 129 130 133 134 136 136 136 136
29 30 31 34 36 37 39 41 43 44 46 49 51 52 54 56 58 59 61 63 65 66 69 71 73 74 76 78 80 81 83 85 87 88 90 92 94 95 97 100 102 103 105 107 109 110 112 114 116 117 120 122 124 125 127 129 131 132 135 136 138 138 138 138
30 31 32 35 37 38 40 42 44 45 47 50 52 53 55 57 59 60 62 64 66 67 70 72 74 75 77 79 81 82 84 86 88 89 91 93 95 96 98 101 103 104 106 108 110 111 113 115 117 118 121 123 125 126 128 130 132 133 136 137 139 139 139 139
32 33 34 37 39 41 43 45 47 48 50 52 54 55 57 59 61 62 65 67 69 70 72 74 76 77 79 81 83 84 86 88 90 91 93 95 97 98 101 103 105 106 108 110 112 113 115 118 120 121 123 125 127 128 130 132 134 135 138 140 142 142 142 142
34 35 36 38 41 43 45 47 49 50 52 54 56 57 59 61 63 64 67 69 71 72 74 76 78 79 81 83 85 86 88 90 92 93 95 98 100 101 103 105 107 108 110 112 114 115 118 120 122 123 125 127 129 130 132 134 136 137 140 142 144 144 144 144
36 37 38 40 43 45 47 49 51 52 54 56 58 59 61 63 65 66 69 71 73 74 76 78 80 81 83 85 87 88 90 92 94 95 97 100 102 103 105 107 109 110 112 114 116 117 120 122 124 125 127 129 131 132 134 136 138 140 142 144 146 146 146 146
37 38 39 41 44 46 48 50 52 53 55 57 59 60 62 64 66 67 70 72 74 75 77 79 81 82 84 86 88 89 91 93 95 96 98 101 103 104 106 108 110 111 113 115 117 118 121 123 125 126 128 130 132 133 135 137 139 142 143 145 147 147 147 147
39 40 42 43 47 48 50 52 54 55 57 59 61 62 65 67 69 70 72 74 76 77 79 81 83 84 86 88 90 91 93 95 97 98 101 103 105 106 108 110 112 113 115 118 120 121 123 125 127 128 130 132 134 135 137 139 142 144 146 147 149 149 149 149
41 42 44 45 49 50 52 54 56 57 59 61 63 64 67 69 71 72 74 76 78 79 81 83 85 86 88 90 92 93 95 98 100 101 103 105 107 108 110 112 114 115 118 120 122 123 125 127 129 130 132 134 136 137 139 141 144 146 148 149 151 151 151 151
43 44 46 48 51 52 54 56 58 59 61 63 65 66 69 71 73 74 76 78 80 81 83 85 87 88 90 92 94 95 97 100 102 103 105 107 109 110 112 114 116 117 120 122 124 125 127 129 131 132 134 136 138 139 141 143 146 148 150 151 153 153 153 153
44 45 47 50 52 53 55 57 59 60 62 64 66 67 70 72 74 75 77 79 81 82 84 86 88 89 91 93 95 96 98 101 103 104 106 108 110 111 113 115 117 118 121 123 125 126 128 130 132 133 135 137 139 140 142 144 147 149 151 152 154 154 154 154
47 48 49 52 54 55 57 59 61 62 64 67 69 70 72 74 76 77 79 81 83 84 86 88 90 91 93 95 97 98 101 103 105 106 108 110 112 113 115 118 120 121 123 125 127 128 130 132 134 135 138 140 142 143 145 147 149 151 153 154 156 156 156 156
49 50 51 54 56 57 59 61 63 64 66 69 71 72 74 76 78 79 81 83 85 86 88 90 92 93 95 98 100 101 103 105 107 108 110 112 114 115 118 120 122 123 125 127 129 130 132 134 136 137 140 142 144 145 147 149 151 152 155 156 158 158 158 158
51 52 53 56 58 59 61 63 65 66 68 71 73 74 76 78 80 81 83 85 87 88 90 92 94 95 97 100 102 103 105 107 109 110 112 114 116 117 120 122 124 125 127 129 131 132 134 136 138 139 142 144 146 147 149 151 153 154 157 158 160 160 160 160
52 53 54 57 59 60 62 64 66 67 69 72 74 75 77 79 81 82 84 86 88 89 91 93 95 96 98 101 103 104 106 108 110 111 113 115 117 118 121 123 125 126 128 130 132 133 135 137 139 140 143 145 147 148 150 152 154 155 158 159 161 161 161 161
54 55 56 58 61 63 65 67 69 70 72 74 76 77 79 81 83 84 86 88 90 91 93 95 97 98 101 103 105 106 108 110 112 113 115 118 120 121 123 125 127 128 130 132 134 135 138 140 142 143 145 147 149 150 152 154 156 157 160 161 163 163 163 163
56 57 58 60 63 65 67 69 71 72 74 76 78 79 81 83 85 86 88 90 92 93 95 98 100 101 103 105 107 108 110 112 114 115 118 120 122 123 125 127 129 130 132 134 136 137 140 142 144 145 147 149 151 152 154 156 158 159 162 163 165 165 165 165
58 59 60 62 65 67 69 71 73 74 76 78 80 81 83 85 87 88 90 92 94 95 97 100 102 103 105 107 109 110 112 114 116 117 120 122 124 125 127 129 131 132 134 136 138 139 142 144 146 147 149 151 153 154 156 158 160 161 164 165 167 167 167 167
59 60 61 63 66 68 70 72 74 75 77 79 81 82 84 86 88 89 91 93 95 96 98 101 103 104 106 108 110 111 113 115 117 118 121 123 125 126 128 130 132 133 135 137 139 140 143 145 147 148 150 152 154 155 157 159 161 162 165 166 168 168 168 168
61 62 64 65 69 70 72 74 76 77 79 81 83 84 86 88 90 91 93 95 97 98 101 103 105 106 108 110 112 113 115 118 120 121 123 125 127 128 130 132 134 135 138 140 142 143 145 147 149 150 152 154 156 157 159 161 163 164 167 168 170 170 170 170
63 64 66 67 71 72 74 76 78 79 81 83 85 86 88 90 92 93 95 98 100 101 103 105 107 108 110 112 114 115 118 120 122 123 125 127 129 130 132 134 136 137 140 142 144 145 147 149 151 152 154 156 158 159 161 163 165 167 169 171 173 173 173 173
65 66 68 70 73 74 76 78 80 81 83 85 87 88 90 92 94 95 97 100 102 103 105 107 109 110 112 114 116 117 120 122 124 125 127 129 131 132 134 136 138 139 142 144 146 147 149 151 153 154 156 158 160 161 163 165 167 169 171 173 175 175 175 175
66 67 69 72 74 75 77 79 81 82 84 86 88 89 91 93 95 96 98 101 103 104 106 108 110 111 113 115 117 118 121 123 125 126 128 130 132 133 135 137 139 140 143 145 147 148 150 152 154 155 157 159 161 162 164 166 168 171 172 174 176 176 176 176
69 70 71 74 76 77 79 81 83 84 86 88 90 91 93 95 97 98 101 103 105 106 108 110 112 113 115 118 120 121 123 125 127 128 130 132 134 135 138 140 142 143 145 147 149 150 152 154 156 157 159 161 163 164 166 168 170 173 174 176 178 178 178 178
71 72 73 76 78 79 81 83 85 86 88 90 92 93 95 98 100 101 103 105 107 108 110 112 114 115 118 120 122 123 125 127 129 130 132 134 136 137 140 142 144 145 147 149 151 152 154 156 158 159 161 163 165 166 168 170 173 175 177 178 180 180 180 180
73 74 75 78 80 81 83 85 87 88 90 92 94 95 97 100 102 103 105 107 109 110 112 114 116 117 120 122 124 125 127 129 131 132 134 136 138 139 142 144 146 147 149 151 153 154 156 158 160 161 163 165 167 168 170 172 175 177 179 180 182 182 182 182
74 75 76 79 81 82 84 86 88 89 91 93 95 96 98 101 103 104 106 108 110 111 113 115 117 118 121 123 125 126 128 130 132 133 135 137 139 140 143 145 147 148 150 152 154 155 157 159 161 162 164 166 168 169 171 173 176 178 180 181 183 183 183 183
76 77 78 81 83 84 86 88 90 91 93 95 97 98 101 103 105 106 108 110 112 113 115 118 120 121 123 125 127 128 130 132 134 135 138 140 142 143 145 147 149 150 152 154 156 157 159 161 163 164 166 168 170 171 173 175 178 180 182 183 185 185 185 185
78 79 80 83 85 86 88 90 92 93 95 98 100 101 103 105 107 108 110 112 114 115 118 120 122 123 125 127 129 130 132 134 136 137 140 142 144 145 147 149 151 152 154 156 158 159 161 163 165 166 169 171 173 174 176 178 180 181 184 185 187 187 187 187
80 81 82 85 87 88 90 92 94 95 97 100 102 103 105 107 109 110 112 114 116 117 120 122 124 125 127 129 131 132 134 136 138 139 142 144 146 147 149 151 153 154 156 158 160 161 163 165 167 168 171 173 175 176 178 180 182 183 186 187 189 189 189 189
81 82 83 86 88 89 91 93 95 96 98 101 103 104 106 108 110 111 113 115 117 118 121 123 125 126 128 130 132 133 135 137 139 140 143 145 147 148 150 152 154 155 157 159 161 162 164 166 168 169 172 174 176 177 179 181 183 184 187 188 190 190 190 190
83 84 85 87 90 91 93 95 97 98 100 103 105 106 108 110 112 113 115 118 120 121 123 125 127 128 130 132 134 135 138 140 142 143 145 147 149 150 152 154 156 157 159 161 163 164 166 168 170 171 174 176 178 179 181 183 185 186 189 191 193 193 193 193
85 86 87 89 92 94 96 98 100 101 103 105 107 108 110 112 114 115 118 120 122 123 125 127 129 130 132 134 136 137 140 142 144 145 147 149 151 152 154 156 158 159 161 163 165 166 168 171 173 174 176 178 180 181 183 185 187 188 191 193 195 195 195 195
87 88 89 91 94 96 98 100 102 103 105 107 109 110 112 114 116 117 120 122 124 125 127 129 131 132 134 136 138 139 142 144 146 147 149 151 153 154 156 158 160 161 163 165 167 168 170 173 175 176 178 180 182 183 185 187 189 191 193 195 197 197 197 197
88 89 90 92 95 97 99 101 103 104 106 108 110 111 113 115 117 118 121 123 125 126 128 130 132 133 135 137 139 140 143 145 147 148 150 152 154 155 157 159 161 162 164 166 168 169 171 174 176 177 179 181 183 184 186 188 190 193 194 196 198 198 198 198
90 91 93 94 98 99 101 103 105 106 108 110 112 113 116 118 120 121 123 125 127 128 130 132 134 135 138 140 142 143 145 147 149 150 152 154 156 157 159 161 163 164 166 169 171 172 174 176 178 179 181 183 185 186 188 190 193 195 197 198 200 200 200 200
92 93 95 97 100 101 103 105 107 108 110 112 114 115 118 120 122 123 125 127 129 130 132 134 136 137 140 142 144 145 147 149 151 152 154 156 158 159 161 163 165 166 168 171 173 174 176 178 180 181 183 185 187 188 190 192 195 197 199 200 202 202 202 202
94 95 97 99 102 103 105 107 109 110 112 114 116 117 120 122 124 125 127 129 131 132 134 136 138 139 142 144 146 147 149 151 153 154 156 158 160 161 163 165 167 168 170 173 175 176 178 180 182 183 185 187 189 190 192 194 197 199 201 202 204 204 204 204
95 96 98 100 103 104 106 108 110 111 113 115 117 118 121 123 125 126 128 130 132 133 135 137 139 140 143 145 147 148 150 152 154 155 157 159 161 162 164 166 168 169 171 174 176 177 179 181 183 184 186 188 190 191 193 195 198 200 202 203 205 205 205 205
97 98 100 103 105 106 108 110 112 113 115 117 119 120 123 125 127 128 130 132 134 135 137 139 141 142 145 147 149 150 152 154 156 157 159 161 163 164 166 168 170 171 173 176 178 179 181 183 185 186 188 190 192 193 195 197 200 201 204 205 207 207 207 207
99 100 102 105 107 108 110 112 114 115 117 119 121 122 125 127 129 130 132 134 136 137 139 141 143 144 147 149 151 152 154 156 158 159 161 163 165 166 168 170 172 173 175 178 180 181 183 185 187 188 190 192 194 195 197 199 202 203 206 207 209 209 209 209
102 103 104 107 109 110 112 114 116 117 119 122 124 125 127 129 131 132 134 136 138 139 142 144 146 147 149 151 153 154 156 158 160 161 163 165 167 168 170 173 175 176 178 180 182 183 185 187 189 190 193 195 197 198 200 202 204 205 208 209 211 211 211 211
104 105 105 108 110 112 114 116 118 119 121 124 126 127 128 130 132 133 136 138 140 141 144 146 148 149 150 152 154 155 157 159 161 162 164 167 169 170 172 175 177 178 180 181 183 184 187 189 191 192 195 197 199 200 202 204 205 207 209 211 213 213 213 213
106 107 108 110 113 114 116 118 120 121 123 126 128 129 131 133 135 136 138 140 142 143 146 148 150 151 153 155 157 158 160 162 164 165 167 169 171 172 174 177 179 180 182 184 186 187 189 191 193 194 197 199 201 202 204 206 208 209 212 213 215 215 215 215
107 108 109 112 114 116 118 120 122 123 125 127 129 130 132 134 136 137 140 142 144 145 147 149 151 152 154 156 158 159 161 163 165 166 168 171 173 174 176 178 180 181 183 185 187 188 191 193 195 196 198 200 202 203 205 207 209 211 213 215 217 217 217 217
109 110 111 113 116 118 120 122 124 125 127 129 131 132 134 136 138 139 142 144 146 147 149 151 153 154 156 158 160 161 163 165 167 168 170 173 175 176 178 180 182 183 185 187 189 190 193 195 197 198 200 202 204 205 207 209 211 213 215 217 219 219 219 219
109 110 111 113 116 118 120 122 124 125 127 129 131 132 134 136 138 139 142 144 146 147 149 151 153 154 156 158 160 161 163 165 167 168 170 173 175 176 178 180 182 183 185 187 189 190 193 195 197 198 200 202 204 205 207 209 211 213 215 217 219 219 219 219
109 110 111 113 116 118 120 122 124 125 127 129 131 132 134 136 138 139 142 144 146 147 149 151 153 154 156 158 160 161 163 165 167 168 170 173 175 176 178 180 182 183 185 187 189 190 193 195 197 198 200 202 204 205 207 209 211 213 215 217 219 219 219 219
109 110 111 113 116 118 120 122 124 125 127 129 131 132 134 136 138 139 142 144 146 147 149 151 153 154 156 158 160 161 163 165 167 168 170 173 175 176 178 180 182 183 185 187 189 190 193 195 197 198 200 202 204 205 207 209 211 213 215 217 219 219 219 219